1 1
2 0.9564
3 1.1405
4 1.0657
5 1.0379
6 1.7782
7 1.6803
8 1.4993
9 0.9251
10 1.2078
11 1.0709
12 1.4371
13 1.124
14 0.989
15 0.9211
16 1.051
17 1.0938
18 1.1875
19 1.1289
20 0.815
21 1.2493
22 1.3078
23 1.8999
24 1.0876
25 1.0961
26 1.0198
27 1.5647
28 0.9555
29 1.332
30 1.0136
31 1.308
32 1.0751
33 1.0958
34 1.0541
35 2.4046
36 1.1979
37 1.0697
38 1.149
39 2.414
40 1.464
41 1.5654
42 1.3826
43 2.4037
44 1.4825
45 1.2147
46 1.4439
47 2.1014
48 0.9503
49 1.4246
50 1.0369
51 2.0114
52 1.1434
53 1.121
54 1.5589
55 2.4965
56 2.575
57 1.9655
58 3.091
59 2.5419
60 1.5861
61 2.1674
62 2.3168
63 1.0679
64 2.711
65 1.3222
66 2.1734
67 1.3626
68 1.0689
69 0.9195
70 1.547
71 1.0785
72 1.3331
